Length 1
0
1
Length 2
1
2
Length 3
1
3
4
6
Length 4
1
2
4
7
8
11
13
14
Length 5
1
3
6
7
12
15
16
19
24
25
28
30
Length 6
1
2
5
9
10
11
13
16
19
20
23
27
31
32
36
40
43
44
47
50
52
53
54
58
61
62
Length 7
1
3
4
6
12
16
21
24
25
31
41
43
46
48
51
53
58
63
64
69
74
76
79
81
84
86
96
102
103
106
111
115
121
123
124
126
Length 8
1
2
4
5
7
8
10
11
13
14
16
18
20
22
23
28
29
31
32
35
36
37
40
44
47
50
52
56
58
59
64
71
72
73
76
79
80
91
92
94
95
104
109
110
112
113
118
122
127
128
133
137
142
143
145
146
151
160
161
163
164
175
176
179
182
183
184
191
196
197
199
203
205
208
211
215
218
219
220
223
224
226
227
232
233
235
237
239
241
242
244
245
247
248
250
251
253
254
Length 9
1
3
6
7
12
15
19
21
24
25
30
31
38
39
43
45
48
51
55
60
61
63
67
69
77
78
85
87
96
102
103
111
120
123
127
133
135
137
149
151
155
165
169
171
173
175
181
187
189
192
200
201
204
207
213
217
221
222
228
240
246
255
256
265
271
283
289
290
294
298
304
307
310
311
319
322
324
330
336
338
340
342
346
356
360
362
374
376
378
384
388
391
400
408
409
415
424
426
433
434
442
444
448
450
451
456
460
463
466
468
472
473
480
481
486
487
490
492
496
499
504
505
508
510
Length 10
1
2
5
10
11
13
19
20
22
23
28
40
41
44
47
50
52
53
55
56
58
67
75
76
79
80
83
85
86
88
89
95
99
104
107
110
112
113
115
116
124
140
142
147
150
153
154
156
158
160
165
167
170
176
179
182
183
184
191
196
197
198
199
200
203
205
208
211
213
214
215
219
220
223
224
226
227
228
231
233
236
237
238
241
247
248
256
278
284
286
291
302
304
307
309
319
320
333
335
339
340
343
345
356
363
368
371
377
383
389
393
396
398
405
407
411
416
418
419
420
424
428
431
436
441
446
451
452
454
455
466
472
476
482
484
502
511
512
521
539
541
547
551
557
568
569
571
572
577
582
587
592
595
599
603
604
605
607
612
616
618
625
627
630
634
640
646
652
655
660
667
678
680
683
684
688
690
703
704
714
716
719
721
732
737
739
745
767
775
776
782
785
786
787
790
792
795
796
797
799
800
803
804
808
809
810
812
815
818
820
823
824
825
826
827
832
839
840
841
844
847
853
856
858
863
865
867
869
870
873
876
881
883
899
907
908
910
911
913
916
919
924
928
934
935
937
938
940
943
944
947
948
956
965
967
968
970
971
973
976
979
982
983
995
1000
1001
1003
1004
1010
1012
1013
1018
1021
1022
